0 0.058 0.879 0.116 0.098
0 0.069 0.797 0.138 0.09
0 0.079 0.72 0.158 0.096
0 0.08 0.628 0.16 0.12
0 0.101 0.414 0.202 0.272
0 0.099 0.212 0.198 0.196
0 0.29755999999999994 0.29374 0.19822000000000004 0.17783999999999991
0 0.27515999999999996 0.41229999999999994 0.1763599999999999 0.10874
0 0.28998 0.53922 0.21336000000000013 0.20155999999999993
0 0.2583 0.7235799999999999 0.19672000000000003 0.13417999999999983
0 0.29894000000000004 0.92144 0.14209999999999992 0.07713999999999988
0 0.30291999999999997 0.8436 0.1395 0.06481999999999993
0 0.45677999999999996 0.7632000000000001 0.21577999999999997 0.11357999999999993
0 0.46515999999999996 0.6731800000000001 0.21233999999999992 0.08298000000000001
0 0.4895 0.59536 0.16631999999999994 0.09196000000000004
0 0.45139999999999997 0.44139999999999996 0.15720000000000003 0.13851999999999998
0 0.45405999999999996 0.3344 0.15186000000000013 0.10453999999999997
0 0.35966 0.9382999999999999 0.07931999999999993 0.06207999999999993
0 0.45226 0.9484 0.07816000000000008 0.08183999999999991
0 0.45774000000000004 0.8601800000000001 0.18186000000000013 0.09031999999999994
0 0.6411399999999999 0.93182 0.23374 0.09370000000000005
0 0.6675599999999999 0.8462799999999999 0.22086000000000014 0.08344000000000006
0 0.67542 0.71878 0.21584000000000014 0.17846000000000004
0 0.6693199999999999 0.4905 0.2146999999999998 0.23501999999999998
0 0.54664 0.4704400000000001 0.12403999999999997 0.22177999999999998
0 0.83896 0.21732000000000004 0.29144000000000003 0.2613599999999999
0 0.748 0.056 0.108 0.112
0 0.618 0.103 0.112 0.206
0 0.5432400000000001 0.10710000000000003 0.06951999999999998 0.18848