0 0.9384765625 0.1376953125 0.123046875 0.095703125
0 0.92837890625 0.21873046875000002 0.14322265625000008 0.08851562500000001
0 0.91861328125 0.29453125 0.16275390625000008 0.09427734374999999
0 0.9137890625 0.383671875 0.15572265625000004 0.11630859375000002
0 0.89712890625 0.5930078125 0.20572265625000008 0.2667578125000001
0 0.8984375 0.7903515625 0.203125 0.19269531249999994
0 0.6996484375 0.70923828125 0.19357421875000003 0.17367187499999992
0 0.7215234375 0.59345703125 0.1722265624999999 0.10619140625000001
0 0.70705078125 0.46951171875 0.20835937500000012 0.19683593749999995
0 0.73798828125 0.28947265625 0.19210937500000003 0.13103515624999998
0 0.69830078125 0.09625 0.1387695312499999 0.07533203124999999
0 0.6944140625 0.172265625 0.13623046875 0.06330078125
0 0.54416015625 0.25078125 0.21072265624999997 0.11091796875000001
0 0.5359765625 0.33869140625 0.20736328124999998 0.08103515625000002
0 0.51220703125 0.4146875 0.16242187499999994 0.08980468750000004
0 0.5494140625 0.5650390625 0.15351562500000004 0.13527343749999998
0 0.54681640625 0.66953125 0.14830078125000007 0.10208984374999996
0 0.63900390625 0.07978515625 0.07746093749999994 0.060625000000000005
0 0.54857421875 0.069921875 0.07632812500000008 0.079921875
0 0.54322265625 0.15607421875 0.17759765625000007 0.088203125
0 0.36412109375 0.08611328125 0.22826171875 0.09150390624999999
0 0.3383203125 0.1696484375 0.21568359375 0.081484375
0 0.33064453125 0.29416015625 0.21078125000000003 0.17427734375000004
0 0.3366015625 0.51708984375 0.20966796874999996 0.22951171874999998
0 0.45640625 0.5366796875 0.12113281249999996 0.21658203124999997
0 0.1709375 0.7838671875 0.284609375 0.2552343749999999
0 0.26044921875 0.943359375 0.10421875000000003 0.11328125
0 0.38671875 0.8974609375 0.109375 0.205078125
0 0.4597265625 0.89150390625 0.06789062499999998 0.18406250000000002