0 0.017316017316017316 0.920995670995671 0.03463203463203463 0.10606060606060606
0 0.02922077922077922 0.8322510822510822 0.05844155844155844 0.09740259740259741
0 0.04004329004329004 0.7489177489177489 0.08008658008658008 0.1038961038961039
0 0.04112554112554113 0.6493506493506493 0.08225108225108226 0.12987012987012986
0 0.06385281385281386 0.41774891774891776 0.1277056277056277 0.2943722943722944
0 0.06168831168831169 0.19913419913419914 0.12337662337662338 0.21212121212121213
0 0.23112554112554107 0.28759740259740263 0.21452380952380956 0.19246753246753237
0 0.20688311688311684 0.41590909090909084 0.19086580086580077 0.1176839826839827
0 0.22292207792207794 0.5532683982683982 0.23090909090909104 0.21813852813852808
0 0.18863636363636357 0.7527922077922077 0.21290043290043292 0.14521645021645005
0 0.2326839826839827 0.9632034632034632 0.15367965367965367 0.0735930735930736
0 0.23692640692640687 0.8826839826839827 0.15097402597402598 0.07015151515151508
0 0.40344155844155843 0.7956709956709958 0.2335281385281385 0.12292207792207785
0 0.4125108225108225 0.6982467532467533 0.2298051948051947 0.08980519480519482
0 0.43885281385281383 0.614025974025974 0.17999999999999994 0.09952380952380957
0 0.3976190476190476 0.44740259740259736 0.1701298701298702 0.1499134199134199
0 0.40049783549783546 0.33160173160173156 0.1643506493506495 0.1131385281385281
0 0.2987012987012987 0.9761904761904762 0.08658008658008658 0.047619047619047616
0 0.39935064935064934 0.9761904761904762 0.08441558441558442 0.047619047619047616
0 0.4044805194805195 0.9006277056277057 0.19681818181818195 0.09774891774891768
0 0.604978354978355 0.9642857142857143 0.2532467532467532 0.07142857142857142
0 0.6315584415584415 0.8855844155844156 0.23902597402597417 0.09030303030303036
0 0.6400649350649351 0.7475974025974026 0.23359307359307374 0.19313852813852816
0 0.6334632034632034 0.5005411255411255 0.23235930735930715 0.2543506493506493
0 0.5006926406926406 0.4788311688311689 0.1342424242424242 0.240021645021645
0 0.8170562770562771 0.20489177489177496 0.3154112554112555 0.28285714285714275
0 0.7186147186147186 0.045454545454545456 0.11688311688311688 0.09090909090909091
0 0.577922077922078 0.09632034632034632 0.12121212121212122 0.19264069264069264
0 0.49783549783549785 0.09415584415584416 0.0735930735930736 0.18831168831168832