0 0.9420600858369099 0.1630901287553648 0.11587982832618025 0.16738197424892703
0 0.9409871244635193 0.3218884120171674 0.11802575107296137 0.15879828326180256
0 0.7515021459227468 0.7860515021459228 0.15221030042918443 0.16607296137339053
0 0.7801502145922747 0.6454506437768239 0.1893133047210301 0.13830472103004302
0 0.818068669527897 0.39324034334763946 0.15070815450643782 0.1791630901287554
0 0.8098068669527897 0.25105150214592276 0.13287553648068684 0.10875536480686684
0 0.8012231759656653 0.11158798283261803 0.13575107296137337 0.14160944206008585
0 0.6067381974248928 0.5004935622317597 0.1727896995708154 0.1449570815450644
0 0.6341201716738197 0.36416309012875536 0.19525751072961375 0.20300429184549362
0 0.5978540772532188 0.7209227467811159 0.15049356223175964 0.1790128755364806
0 0.7886909871244635 0.5428111587982832 0.1596566523605152 0.08847639484978545
0 0.3347424892703863 0.7288197424892704 0.1244849785407725 0.11173819742489256
0 0.3458154506437768 0.5859656652360515 0.11379828326180251 0.18285407725321873
0 0.16658798283261803 0.6328969957081545 0.17182403433476381 0.13761802575107296
0 0.176480686695279 0.4924463519313304 0.17493562231759652 0.15532188841201716
0 0.22090128755364807 0.34678111587982835 0.17478540772532197 0.22060085836909862
0 0.35315450643776825 0.4285836909871245 0.09912017167381962 0.13995708154506445
0 0.34557939914163094 0.2762660944206009 0.1400214592274678 0.16706008583690993
0 0.35457081545064384 0.10839055793991415 0.14206008583690996 0.13371244635193122