0 0.10544921875 0.79517578125 0.1562109375 0.15283203125
0 0.116171875 0.65146484375 0.13857421875 0.14408203124999996
0 0.30234375 0.2279296875 0.13853515625 0.15115234375000003
0 0.27626953125 0.3558984375 0.17230468750000003 0.12587890624999998
0 0.2417578125 0.58544921875 0.13716796875000004 0.16306640625000002
0 0.24927734375 0.71486328125 0.12093750000000003 0.0989843749999999
0 0.25708984375 0.841796875 0.12355468749999998 0.12888671875000002
0 0.4341015625 0.48783203125 0.15726562499999996 0.13193359375000002
0 0.4091796875 0.6119140625 0.17771484375000002 0.18476562500000004
0 0.44218750000000007 0.28720703125 0.13697265625000005 0.16292968750000003
0 0.26849609375 0.44931640625 0.14531250000000004 0.08052734375000004
0 0.68166015625 0.28001953125 0.11330078124999998 0.10169921874999999
0 0.67158203125 0.4100390625 0.10357421874999995 0.16642578124999996
0 0.83470703125 0.36732421875 0.15638671874999988 0.12525390625
0 0.825703125 0.4951562500000001 0.15921874999999996 0.14136718750000005
0 0.7852734375 0.627734375 0.1590820312500001 0.2007812499999999
0 0.66490234375 0.55328125 0.09021484374999988 0.12738281250000005
0 0.671796875 0.6919140625 0.12744140625 0.15205078125000004
0 0.66361328125 0.84470703125 0.1292968750000001 0.1216992187499999