0 0.10439759036144579 0.793433734939759 0.1606024096385542 0.1571285140562249
0 0.11542168674698794 0.6456827309236948 0.1424698795180723 0.1481325301204819
0 0.3068273092369478 0.21024096385542168 0.14242971887550201 0.15540160642570283
0 0.2800200803212851 0.3418072289156627 0.1771485943775101 0.1294176706827309
0 0.24453815261044176 0.5778112449799196 0.1410240963855422 0.16765060240963858
0 0.2522690763052209 0.7108634538152611 0.12433734939759039 0.10176706827309227
0 0.2603012048192771 0.8413654618473896 0.12702811244979917 0.13251004016064258
0 0.44228915662650603 0.47744979919678715 0.16168674698795177 0.13564257028112453
0 0.4166666666666667 0.6050200803212852 0.182710843373494 0.18995983935742977
0 0.4506024096385543 0.2711847389558233 0.14082329317269077 0.1675100401606426
0 0.2720281124497992 0.43785140562249 0.14939759036144584 0.08279116465863458
0 0.6968072289156626 0.2637951807228916 0.11648594377510038 0.10455823293172689
0 0.6864457831325301 0.3974698795180723 0.10648594377510034 0.17110441767068268
0 0.8541566265060241 0.35355421686746985 0.16078313253012036 0.12877510040160642
0 0.8448995983935743 0.48497991967871495 0.16369477911646582 0.1453413654618474
0 0.8033333333333333 0.6212851405622489 0.16355421686746996 0.2064257028112449
0 0.6795783132530121 0.5447389558232931 0.09275100401606413 0.13096385542168681
0 0.6866666666666666 0.6872690763052208 0.13102409638554216 0.15632530120481933
0 0.6782530120481928 0.8443574297188755 0.1329317269076306 0.12512048192771075