0 0.025669642857142856 0.07254464285714286 0.05133928571428571 0.09151785714285714
0 0.044642857142857144 0.16629464285714285 0.08928571428571429 0.10491071428571429
0 0.24441964285714285 0.0390625 0.15401785714285715 0.078125
0 0.2628794642857143 0.11013392857142858 0.17011160714285709 0.07145089285714283
0 0.046875 0.25558035714285715 0.09375 0.08258928571428571
0 0.05133928571428571 0.3638392857142857 0.10267857142857142 0.12053571428571429
0 0.20725446428571428 0.24955357142857146 0.2136160714285714 0.15687499999999993
0 0.6428571428571429 0.033482142857142856 0.24553571428571427 0.06696428571428571
0 0.32700892857142855 0.024553571428571428 0.078125 0.049107142857142856
0 0.42857142857142855 0.015625 0.09375 0.03125
0 0.4322098214285714 0.09785714285714286 0.20814732142857142 0.10640625000000004
0 0.2421875 0.4356696428571429 0.2537053571428571 0.20765624999999993
0 0.06138392857142857 0.5892857142857143 0.12276785714285714 0.29017857142857145
0 0.0703125 0.8258928571428571 0.140625 0.16517857142857142
0 0.21875 0.5960267857142857 0.20091517857142854 0.09977678571428582
0 0.2585044642857143 0.7369196428571428 0.2178794642857143 0.1553794642857143
0 0.4427232142857143 0.2077455357142857 0.2351339285714285 0.10897321428571427
0 0.4490401785714286 0.3020535714285714 0.24781249999999996 0.0832589285714286
0 0.4761383928571429 0.3999330357142857 0.20377232142857135 0.1093973214285714
0 0.4928348214285715 0.541875 0.2222767857142858 0.2057812500000001
0 0.42287946428571427 0.55796875 0.17761160714285726 0.15162946428571442
0 0.45087053571428576 0.6919196428571429 0.20381696428571416 0.09810267857142867
0 0.6676339285714287 0.12138392857142856 0.23555803571428566 0.0969419642857143
0 0.6764955357142857 0.26136160714285717 0.21756696428571434 0.20426339285714284
0 0.6811607142857143 0.508169642857143 0.22988839285714288 0.2901339285714286
0 0.5245535714285714 0.9263392857142857 0.08928571428571429 0.14732142857142858
0 0.6015625 0.9151785714285714 0.11383928571428571 0.16964285714285715
0 0.8337053571428571 0.8113839285714286 0.3325892857142857 0.28348214285714285
0 0.7566964285714286 0.9654017857142857 0.125 0.06919642857142858