0 0.04721030042918455 0.9173819742489271 0.0944206008583691 0.08798283261802575
0 0.06545064377682404 0.8272532188841202 0.13090128755364808 0.10085836909871244
0 0.2800429184549356 0.9560085836909872 0.148068669527897 0.08798283261802575
0 0.29778969957081547 0.881244635193133 0.1635407725321888 0.0686909871244635
0 0.06759656652360516 0.7414163090128756 0.1351931330472103 0.07939914163090128
0 0.07188841201716738 0.6373390557939914 0.14377682403433475 0.11587982832618025
0 0.24431330472103002 0.7472103004291846 0.20536480686695277 0.15081545064377677
0 0.6630901287553648 0.9613733905579399 0.23605150214592274 0.07725321888412018
0 0.3594420600858369 0.9699570815450643 0.07510729613733906 0.060085836909871244
0 0.4570815450643777 0.9785407725321889 0.09012875536480687 0.04291845493562232
0 0.4605793991416309 0.8930472103004291 0.20010729613733905 0.10229613733905595
0 0.2778969957081545 0.568283261802575 0.24390557939914156 0.19963519313304715
0 0.0815450643776824 0.4206008583690987 0.1630901287553648 0.27896995708154504
0 0.09012875536480687 0.19313304721030042 0.18025751072961374 0.15879828326180256
0 0.2553648068669528 0.41412017167381976 0.19315450643776821 0.09592274678111598
0 0.29358369098712445 0.27866952789699573 0.20946351931330476 0.1493776824034335
0 0.47068669527896995 0.7874034334763949 0.2260515021459227 0.10476394849785418
0 0.47675965665236053 0.6967381974248927 0.23824034334763944 0.08004291845493577
0 0.5028111587982833 0.6026394849785408 0.195901287553648 0.10517167381974248
0 0.5188626609442061 0.4661802575107296 0.2136909871244636 0.1978326180257512
0 0.4516094420600858 0.4507081545064377 0.17075107296137348 0.14577253218884134
0 0.47851931330472103 0.321931330472103 0.19594420600858356 0.09431330472103014
0 0.6869098712446352 0.8704291845493562 0.2264592274678111 0.093197424892704
0 0.6954291845493562 0.7358583690987124 0.20916309012875542 0.1963733905579399
0 0.6999141630901288 0.4985836909871244 0.22100858369098714 0.2789270386266095
0 0.5493562231759657 0.08369098712446352 0.08583690987124463 0.16738197424892703
0 0.6233905579399142 0.0944206008583691 0.10944206008583691 0.1888412017167382
0 0.8433476394849786 0.20708154506437768 0.3133047210300429 0.27253218884120173
0 0.7725321888412017 0.046137339055793994 0.12017167381974249 0.09227467811158799