0 0.0627734375 0.13484375 0.125546875 0.07957031250000002
0 0.07943359375 0.2165625 0.15884765625000002 0.09199218750000002
0 0.29484375 0.09697265625 0.13396484374999998 0.08716796875000002
0 0.31009765625 0.1666796875 0.14884765624999996 0.06251953124999998
0 0.08181640625 0.29419921875 0.16361328125000002 0.07277343749999998
0 0.085625 0.38875 0.17123046875000003 0.10562499999999997
0 0.26142578125 0.288671875 0.18691406249999998 0.13726562499999997
0 0.64271484375 0.08791015625 0.21509765625 0.08207031249999999
0 0.3663671875 0.0811328125 0.06867187500000005 0.06589843749999999
0 0.4553515625 0.0663671875 0.08257812499999995 0.065
0 0.45826171875 0.1559375 0.18212890625 0.09310546875000002
0 0.2919921875 0.4515234375 0.22199218749999997 0.18169921874999995
0 0.0944140625 0.5869140625 0.18880859375000003 0.25197265625
0 0.10185546875 0.7942578125 0.20369140625 0.14582031249999994
0 0.271484375 0.5918359375 0.17580078124999998 0.08730468750000009
0 0.30626953125 0.7151171875 0.19064453125000003 0.13595703125000003
0 0.4674609375 0.25208984375 0.20574218749999995 0.09535156249999999
0 0.47298828125000003 0.334609375 0.21683593750000002 0.07285156250000002
0 0.49669921875 0.42025390625 0.17830078124999998 0.09572265624999998
0 0.51130859375 0.544453125 0.19449218750000002 0.18005859375000005
0 0.45009765625 0.55853515625 0.15541015625000004 0.13267578125000007
0 0.47458984375 0.6757421875 0.17833984374999995 0.08583984375000009
0 0.6642578125 0.1765234375 0.20611328124999995 0.08482421875000001
0 0.67201171875 0.29900390625 0.19037109375000005 0.17873046874999998
0 0.67609375 0.5149609375 0.20115234375000002 0.25386718750000004
0 0.5398046875 0.90779296875 0.0770117187499999 0.18015625000000002
0 0.606875 0.89619140625 0.09916015624999996 0.19603515625
0 0.8226171875 0.78146484375 0.31451171874999995 0.24783203124999997
0 0.7421875 0.9423828125 0.109375 0.115234375