0 0.04431640625 0.11158203125 0.08861328125 0.181484375
0 0.15431640625 0.12658203125 0.12894531250000002 0.180234375
0 0.107421875 0.287109375 0.21484375 0.1875
0 0.0442578125 0.46759765625 0.088515625 0.17216796875000007
0 0.15 0.469453125 0.11509765625000001 0.17328125000000005
0 0.05642578125 0.6365625 0.11283203125000002 0.16373046875000008
0 0.15822265625 0.63833984375 0.10029296874999999 0.16208984375000002
0 0.20537109375 0.06068359375 0.09566406250000001 0.11875
0 0.28755859375 0.0745703125 0.05949218749999996 0.149140625
0 0.3538671875 0.0837890625 0.05931640625000001 0.167578125
0 0.40408203125 0.08693359375000001 0.050332031249999964 0.16083984375
0 0.45927734375 0.08912109374999999 0.06177734374999999 0.13658203125
0 0.5238671875 0.09248046875 0.060742187500000044 0.1302734375
0 0.5759765625 0.1044140625 0.05041015624999989 0.130703125
0 0.634296875 0.11015624999999998 0.060253906250000044 0.13958984375
0 0.69955078125 0.11623046875000001 0.0657812499999999 0.1412890625
0 0.7548046875 0.10974609375 0.06689453125 0.1335546875
0 0.23146484375 0.23203125 0.03324218750000002 0.07341796875
0 0.261953125 0.23380859375 0.03431640624999999 0.07697265625
0 0.30115234375 0.240234375 0.04242187500000005 0.07941406249999997
0 0.48015625 0.18861328125 0.03582031249999995 0.07068359375
0 0.51962890625 0.191796875 0.05490234375000003 0.0643359375
0 0.33447265625 0.24753906249999996 0.020527343749999982 0.056992187499999986
0 0.36185546875 0.2468359375 0.02318359375000001 0.05580078124999999
0 0.38904296875 0.2527734375 0.025488281250000022 0.05693359374999998
0 0.41353515625 0.2507421875 0.02238281249999996 0.05582031249999997
0 0.44095703125 0.26576171875 0.02253906250000004 0.05441406250000003
0 0.25734375 0.32138671875 0.05634765625000002 0.088984375
0 0.30748046875 0.32275390625 0.036816406250000044 0.08888671874999998
0 0.33943359375 0.32443359375 0.03304687500000003 0.08031250000000001
0 0.36466796875 0.3280859375 0.03140624999999997 0.06777343749999998
0 0.3885546875 0.33208984375 0.03753906250000005 0.08060546874999996
0 0.4178125 0.3342578125 0.0283203125 0.07367187500000005
0 0.4421484375 0.3335546875 0.024941406249999964 0.07246093750000004
0 0.5315234375 0.31271484375 0.10992187499999995 0.10978515624999996
0 0.54271484375 0.21607421875 0.08906250000000004 0.09128906250000002
0 0.23154296874999997 0.3958203125 0.05515624999999999 0.057324218750000044
0 0.27982421875 0.40126953125 0.04972656249999996 0.05160156250000003
0 0.38970703125 0.42009765625 0.1112109375 0.08169921874999997
0 0.3160546875 0.53662109375 0.044960937499999964 0.07257812499999994
0 0.25142578125 0.53587890625 0.07785156250000003 0.07146484375000006
0 0.35734375 0.46884765625 0.04832031250000002 0.059687500000000004
0 0.30931640625 0.46005859375 0.05582031249999997 0.06947265624999999
0 0.2458984375 0.460078125 0.07589843750000003 0.06943359375000002
0 0.52927734375 0.50865234375 0.09250000000000003 0.06863281249999997
0 0.50044921875 0.41244140625 0.09544921875000001 0.08917968750000005
0 0.68234375 0.41775390625 0.07804687500000007 0.09677734375000002
0 0.64876953125 0.24693359375 0.030585937499999938 0.08427734374999998
0 0.68560546875 0.249765625 0.03765624999999995 0.08900390624999999
0 0.7225 0.2547265625 0.0341796875 0.07908203125000002
0 0.6776953125 0.3322265625 0.06910156249999999 0.07773437500000002
0 0.7548828125 0.2540625 0.03970703125000008 0.07521484374999998
0 0.79248046875 0.2630078125 0.04263671875000008 0.08597656249999999
0 0.83130859375 0.2658984375 0.03791015624999994 0.08017578125000002
0 0.86703125 0.26265625 0.0335546874999999 0.06697265625000001
0 0.9150390625 0.27361328125 0.05923828125000008 0.08630859375
0 0.73064453125 0.33720703125 0.034218749999999964 0.07546874999999997
0 0.76552734375 0.33916015625 0.03624999999999989 0.07675781250000002
0 0.80724609375 0.34634765625 0.03898437500000007 0.08074218749999995
0 0.83943359375 0.347109375 0.03302734374999994 0.08484375
0 0.87611328125 0.34453125 0.023066406249999893 0.07970703125
0 0.9775390625 0.2607421875 0.044921875 0.083984375
0 0.97720703125 0.34919921875 0.04556640625000008 0.08121093749999997
0 0.97265625 0.43556640625 0.0546875 0.09250000000000003
0 0.97330078125 0.517578125 0.05337890625000008 0.07681640625000002
0 0.97330078125 0.6033203125 0.05337890625000008 0.08683593750000007
0 0.915234375 0.38275390625 0.03880859375000001 0.06500000000000006
0 0.7526171875 0.45740234375 0.07035156249999996 0.06845703125000002
0 0.83302734375 0.45921875 0.08009765624999998 0.07207031249999996
0 0.89125 0.4593359375 0.02988281249999991 0.06970703125
0 0.91923828125 0.45845703125 0.02597656249999991 0.07576171875000004
0 0.70423828125 0.53298828125 0.05691406249999997 0.06597656249999995
0 0.76310546875 0.53515625 0.05746093749999992 0.06509765625000008
0 0.8396875 0.53107421875 0.09083984374999998 0.06994140625000006
0 0.91146484375 0.53220703125 0.04947265625000008 0.07484375000000004
0 0.72271484375 0.60505859375 0.09906250000000005 0.07207031249999996
0 0.8240625 0.6098828125 0.09343750000000006 0.0765429687500001
0 0.88677734375 0.6046484375 0.0313867187500001 0.0634765625
0 0.9148828125 0.598984375 0.030292968749999982 0.054726562499999964
0 0.614765625 0.550625 0.04205078124999995 0.07257812499999994
0 0.6201953125 0.61734375 0.03466796875 0.07064453124999992
0 0.61587890625 0.68607421875 0.04425781249999994 0.05962890624999995
0 0.67123046875 0.64109375 0.06121093750000006 0.0582421875000001
0 0.6692578125 0.7098828125 0.07548828124999996 0.06039062499999992
0 0.732265625 0.705546875 0.04787109374999998 0.06474609374999996
0 0.65642578125 0.7744921875 0.0784765624999999 0.06460937500000008
0 0.71060546875 0.77162109375 0.033164062500000036 0.06927734375000005
0 0.7447265625 0.7704296875 0.033730468749999964 0.05908203125
0 0.6682421875 0.8415234375 0.07867187499999995 0.07367187500000005