0 0.037444933920704845 0.9185022026431718 0.07488986784140969 0.16299559471365638
0 0.14977973568281938 0.9107929515418502 0.14537444933920704 0.17841409691629956
0 0.10903083700440529 0.7400881057268722 0.21806167400881057 0.21145374449339208
0 0.037444933920704845 0.5374449339207048 0.07488986784140969 0.19383259911894274
0 0.14493392070484581 0.5344493392070484 0.12980176211453745 0.19541850220264323
0 0.05066079295154185 0.34691629955947134 0.1013215859030837 0.1828193832599119
0 0.15420704845814978 0.34398678414096917 0.11310572687224668 0.18279735682819384
0 0.20594713656387664 0.9647577092511013 0.10792951541850221 0.07048458149779736
0 0.29955947136563876 0.948237885462555 0.06607929515418502 0.10352422907488987
0 0.3733480176211454 0.9383259911894273 0.06828193832599119 0.12334801762114538
0 0.43061674008810574 0.9383259911894273 0.05506607929515418 0.12334801762114538
0 0.4922907488986784 0.9438325991189427 0.06828193832599119 0.11233480176211454
0 0.5649779735682819 0.9438325991189427 0.06828193832599119 0.11233480176211454
0 0.6233480176211453 0.9372246696035242 0.05726872246696035 0.12555066079295155
0 0.6905286343612335 0.9306167400881057 0.06828193832599119 0.13876651982378854
0 0.76431718061674 0.9273127753303965 0.07488986784140969 0.14537444933920704
0 0.8259911894273128 0.9328193832599119 0.07488986784140969 0.1343612334801762
0 0.23680616740088106 0.8022026431718061 0.03748898678414099 0.0827973568281939
0 0.27118942731277534 0.8001982378854626 0.03870044052863435 0.08680616740088098
0 0.3153964757709251 0.7929515418502202 0.04784140969163002 0.0895594713656387
0 0.5172687224669603 0.8511674008810572 0.040396475770925054 0.07971365638766507
0 0.5617841409691631 0.8475770925110132 0.061916299559471394 0.07255506607929503
0 0.3529735682819383 0.7847136563876652 0.023149779735682798 0.0642731277533041
0 0.3838546255506608 0.7855066079295154 0.026145374449339218 0.06292951541850206
0 0.41451541850220264 0.7788105726872248 0.02874449339207051 0.06420704845814973
0 0.44213656387665196 0.7811013215859031 0.025242290748898635 0.0629515418502201
0 0.4730616740088106 0.7641629955947137 0.025418502202643217 0.061365638766519855
0 0.26599118942731276 0.701431718061674 0.06354625550660797 0.10035242290748912
0 0.3225330396475771 0.6998898678414097 0.04151982378854631 0.10024229074889866
0 0.35856828193832596 0.6979955947136564 0.037268722466960384 0.09057268722466962
0 0.38702643171806167 0.6938766519823788 0.035418502202643136 0.0764317180616741
0 0.4139647577092511 0.6893612334801763 0.0423348017621146 0.09090308370044049
0 0.44696035242290744 0.6869162995594714 0.031938325991189426 0.0830837004405287
0 0.47440528634361234 0.6877092511013216 0.028127753303964716 0.08171806167400886
0 0.5751982378854625 0.7112114537444933 0.12396475770925104 0.12381057268722474
0 0.5878193832599119 0.8201982378854625 0.10044052863436129 0.10295154185022029
0 0.23689427312775327 0.617488986784141 0.06220264317180619 0.06464757709251107
0 0.29134361233480177 0.6113436123348018 0.05607929515418498 0.05819383259911885
0 0.41526431718061674 0.5901101321585902 0.12541850220264317 0.09213656387665183
0 0.33220264317180614 0.45870044052863435 0.05070484581497793 0.08185022026431711
0 0.2593171806167401 0.4595374449339207 0.08779735682819387 0.08059471365638773
0 0.37876651982378856 0.5351321585903084 0.0544933920704846 0.0673127753303966
0 0.3246035242290749 0.545044052863436 0.06295154185022023 0.07834801762114549
0 0.25308370044052864 0.545022026431718 0.0855947136563877 0.0783039647577094
0 0.5726651982378855 0.4902422907488987 0.10431718061674011 0.0774008810572687
0 0.5401541850220265 0.5987444933920706 0.1076431718061674 0.10057268722466979
0 0.7452863436123348 0.5927533039647578 0.08801762114537454 0.1091409691629955
0 0.7074229074889868 0.7853964757709251 0.03449339207048451 0.09504405286343608
0 0.7489647577092511 0.7822026431718062 0.042466960352422846 0.1003744493392069
0 0.7905726872246697 0.7766079295154186 0.03854625550660793 0.08918502202643173
0 0.7400440528634361 0.6892070484581497 0.0779295154185022 0.08766519823788536
0 0.8270925110132159 0.7773568281938326 0.044779735682819476 0.08482378854625548
0 0.8694933920704846 0.7672687224669604 0.048083700440528725 0.09696035242290744
0 0.9132819383259911 0.7640088105726872 0.04275330396475764 0.09041850220264307
0 0.953568281938326 0.7676651982378854 0.03784140969162984 0.0755286343612334
0 0.986784140969163 0.7566079295154186 0.02643171806167401 0.09911894273127753
0 0.7997577092511012 0.6835903083700441 0.03859030837004401 0.08511013215859028
0 0.8390969162995594 0.6813876651982379 0.04088105726872235 0.08656387665198229
0 0.8861453744493392 0.6732819383259911 0.04396475770925118 0.09105726872246678
0 0.9224449339207049 0.6724229074889867 0.03724669603524222 0.09568281938326004
0 0.9638105726872247 0.675330396475771 0.026013215859030717 0.08988986784140957
0 0.9922907488986784 0.6332599118942731 0.015418502202643172 0.07268722466960352
0 0.8245374449339207 0.5480396475770926 0.07933920704845811 0.07720264317180632
0 0.9152202643171806 0.5459911894273127 0.0903303964757709 0.08127753303964752
0 0.9808810572687224 0.5458590308370044 0.03370044052863426 0.07861233480176198
0 0.7699779735682819 0.46279735682819384 0.06418502202643168 0.07440528634361228
0 0.8363656387665198 0.460352422907489 0.06480176211453735 0.07341409691629965
0 0.9227312775330396 0.4649559471365638 0.10244493392070482 0.07887665198237899
0 0.987885462555066 0.4647577092511013 0.024229074889867842 0.08370044052863436
0 0.7908149779735683 0.3815198237885462 0.11171806167400887 0.08127753303964752
0 0.9051101321585904 0.37607929515418503 0.10537444933920712 0.08632158590308382
0 0.9758370044052863 0.3819823788546256 0.03539647577092522 0.07158590308370044
0 0.9944933920704846 0.3898678414096916 0.011013215859030838 0.06167400881057269
0 0.6690748898678414 0.4429074889867841 0.047422907488986726 0.08185022026431711
0 0.6751982378854626 0.3676651982378855 0.03909691629955947 0.07966960352422899
0 0.6703303964757709 0.29015418502202645 0.049911894273127685 0.06724669603524223
0 0.7327533039647578 0.3408810572687224 0.06903083700440536 0.06568281938326002
0 0.7305286343612335 0.2633039647577093 0.08513215859030832 0.0681057268722466
0 0.8015859030837005 0.26819383259911894 0.05398678414096914 0.0730176211453744
0 0.7160572687224669 0.1904405286343612 0.0885022026431717 0.07286343612334811
0 0.77715859030837 0.1936784140969163 0.03740088105726876 0.07812775330396482
0 0.8156387665198238 0.1950220264317181 0.038039647577092474 0.06662995594713657
0 0.7293832599118942 0.11484581497797354 0.08872246696035237 0.0830837004405287