0 0.9566929133858267 0.10925196850393701 0.08661417322834646 0.1830708661417323
0 0.8464370078740158 0.12561023622047243 0.1299606299212598 0.1816535433070866
0 0.8927165354330708 0.2874015748031496 0.21456692913385828 0.1889763779527559
0 0.9566929133858267 0.468503937007874 0.08661417322834646 0.1732283464566929
0 0.8507874015748031 0.47118110236220473 0.11600393700787391 0.17464566929133862
0 0.9448818897637795 0.6387795275590551 0.11023622047244094 0.16338582677165353
0 0.8425 0.6413976377952756 0.10108267716535438 0.16336614173228348
0 0.7962598425196851 0.05905511811023622 0.09645669291338582 0.11811023622047244
0 0.7125984251968503 0.07381889763779527 0.05905511811023622 0.14763779527559054
0 0.6466535433070866 0.08267716535433071 0.0610236220472441 0.16535433070866143
0 0.5947047244094489 0.0856496062992126 0.05072834645669288 0.16210629921259842
0 0.5390748031496063 0.0878543307086614 0.06226377952755904 0.13765748031496064
0 0.4739763779527559 0.09124015748031496 0.061220472440944924 0.1312992125984252
0 0.4214566929133859 0.10326771653543307 0.05080708661417312 0.13173228346456695
0 0.3626771653543307 0.1090551181102362 0.06072834645669296 0.14068897637795275
0 0.2969094488188976 0.11517716535433072 0.0662992125984251 0.1424015748031496
0 0.2412204724409449 0.10864173228346456 0.06742125984251969 0.13460629921259842
0 0.7686811023622048 0.23188976377952755 0.03350393700787398 0.073996062992126
0 0.7379527559055118 0.2336811023622047 0.03458661417322822 0.07757874015748031
0 0.6984448818897638 0.24015748031496062 0.042755905511811076 0.0800393700787401
0 0.518031496062992 0.18812992125984251 0.03610236220472425 0.07124015748031495
0 0.478248031496063 0.19133858267716536 0.05533464566929137 0.06484251968503936
0 0.6648622047244095 0.24751968503937005 0.020688976377952736 0.05744094488188978
0 0.6372637795275591 0.24681102362204724 0.023366141732283473 0.056240157480314946
0 0.6098622047244094 0.25279527559055115 0.02568897637795289 0.05738188976377948
0 0.5851771653543306 0.250748031496063 0.022559055118110308 0.05625984251968501
0 0.5575393700787402 0.2658858267716535 0.022716535433070794 0.0548425196850394
0 0.7425984251968504 0.3219488188976378 0.05679133858267721 0.08968503937007874
0 0.6920669291338583 0.3233267716535433 0.03710629921259847 0.08958661417322833
0 0.6598622047244095 0.3250196850393701 0.03330708661417337 0.08094488188976379
0 0.6344291338582676 0.32870078740157477 0.031653543307086474 0.0683070866141732
0 0.6103543307086614 0.33273622047244095 0.03783464566929139 0.08124015748031492
0 0.5808661417322836 0.33492125984251964 0.028543307086614175 0.07425196850393706
0 0.5563385826771654 0.33421259842519685 0.025137795275590517 0.07303149606299217
0 0.46625984251968505 0.31320866141732284 0.1107874015748031 0.11064960629921256
0 0.4549803149606299 0.21580708661417322 0.0897637795275591 0.09200787401574805
0 0.7686023622047246 0.3969685039370079 0.05559055118110238 0.057775590551181144
0 0.7199409448818898 0.4024606299212598 0.050118110236220544 0.052007874015748065
0 0.6091929133858268 0.4214370078740158 0.11208661417322846 0.08234251968503933
0 0.6834251968503937 0.5388779527559056 0.04531496062992122 0.07314960629921254
0 0.7485629921259842 0.5381299212598425 0.07846456692913388 0.07202755905511818
0 0.6418110236220472 0.4705708661417323 0.048700787401574824 0.06015748031496063
0 0.6902165354330708 0.46171259842519685 0.0562598425196849 0.07001968503937006
0 0.7541338582677166 0.4617322834645669 0.07649606299212601 0.06998031496062994
0 0.46852362204724407 0.5106889763779527 0.09322834645669294 0.06917322834645667
0 0.49757874015748027 0.41372047244094484 0.09620078740157481 0.08988188976377957
0 0.314251968503937 0.41907480314960627 0.07866141732283471 0.09753937007874018
0 0.3480905511811023 0.24690944881889765 0.030826771653543243 0.08494094488188972
0 0.31096456692913393 0.24976377952755904 0.03795275590551176 0.08970472440944881
0 0.2737795275590551 0.254763779527559 0.0344488188976378 0.07970472440944884
0 0.3189370078740157 0.3328740157480315 0.06964566929133857 0.0783464566929134
0 0.24114173228346455 0.2540944881889764 0.04001968503937016 0.07580708661417321
0 0.203248031496063 0.2631102362204724 0.04297244094488197 0.08665354330708658
0 0.16411417322834645 0.26602362204724406 0.03820866141732277 0.08080708661417325
0 0.1281102362204724 0.262755905511811 0.03381889763779518 0.06750000000000005
0 0.0797244094488189 0.2737992125984252 0.0597047244094489 0.08698818897637794
0 0.2655708661417323 0.3378937007874016 0.03448818897637792 0.07606299212598422
0 0.23041338582677168 0.3398622047244095 0.036535433070866034 0.07736220472440947
0 0.18836614173228347 0.34710629921259845 0.039291338582677235 0.08137795275590547
0 0.15592519685039366 0.3478740157480315 0.03328740157480309 0.08551181102362204
0 0.11895669291338584 0.3452755905511811 0.023248031496062884 0.08033464566929134
0 0.01968503937007874 0.2608267716535433 0.03937007874015748 0.08464566929133858
0 0.02066929133858268 0.3494094488188976 0.04133858267716536 0.08070866141732283
0 0.024606299212598427 0.4360236220472441 0.04921259842519685 0.09251968503937008
0 0.024606299212598427 0.5187007874015748 0.04921259842519685 0.07677165354330709
0 0.024606299212598427 0.6053149606299213 0.04921259842519685 0.08858267716535433
0 0.07952755905511806 0.3837992125984252 0.03911417322834647 0.06551181102362211
0 0.24342519685039374 0.45903543307086614 0.07090551181102359 0.068996062992126
0 0.16238188976377954 0.46086614173228346 0.0807283464566929 0.0726377952755905
0 0.10370078740157482 0.46098425196850396 0.030118110236220384 0.07025590551181102
0 0.075492125984252 0.46009842519685035 0.026181102362204636 0.07635826771653548
0 0.2921850393700788 0.5352165354330708 0.05736220472440942 0.06649606299212593
0 0.23285433070866146 0.5374015748031497 0.05791338582677157 0.06561023622047252
0 0.15566929133858265 0.5332874015748031 0.0915551181102362 0.07049212598425209
0 0.08332677165354327 0.5344291338582677 0.04986220472440953 0.07543307086614183
0 0.2735629921259843 0.6078543307086615 0.09984251968503942 0.0726377952755905
0 0.17141732283464564 0.6127165354330708 0.09417322834645675 0.07714566929133869
0 0.10820866141732288 0.6074409448818897 0.031633858267716634 0.0639763779527559
0 0.0798818897637795 0.601732283464567 0.03053149606299211 0.055157480314960594
0 0.38236220472440946 0.552992125984252 0.042381889763779476 0.07314960629921254
0 0.37688976377952754 0.6202362204724409 0.034940944881889764 0.07120078740157472
0 0.381240157480315 0.689507874015748 0.044606299212598365 0.06009842519685034
0 0.32545275590551176 0.6441732283464567 0.06169291338582684 0.0587007874015749
0 0.32744094488188974 0.713503937007874 0.07608267716535429 0.060866141732283385
0 0.2639370078740157 0.7091338582677166 0.04824803149606297 0.06525590551181099
0 0.34037401574803156 0.7786220472440946 0.07909448818897628 0.06511811023622055
0 0.2857677165354331 0.7757283464566929 0.03342519685039374 0.06982283464566935
0 0.25137795275590546 0.774527559055118 0.03399606299212595 0.05954724409448819
0 0.3284645669291339 0.8461811023622048 0.07929133858267712 0.07425196850393706