0 0.05837004405286344 0.6552863436123348 0.11674008810572688 0.18722466960352424
0 0.1645814977973568 0.6547136563876652 0.09632158590308368 0.19484581497797365
0 0.046255506607929514 0.4581497797356828 0.09251101321585903 0.18502202643171806
0 0.15777533039647576 0.4620264317180617 0.12044052863436125 0.1869162995594714
0 0.11563876651982379 0.2577092511013216 0.23127753303964757 0.17180616740088106
0 0.0473568281938326 0.07488986784140969 0.0947136563876652 0.14977973568281938
0 0.17180616740088106 0.08370044052863436 0.13656387665198239 0.16740088105726872
0 0.25 0.028634361233480177 0.05066079295154185 0.05726872246696035
0 0.31167400881057267 0.028634361233480177 0.07268722466960352 0.05726872246696035
0 0.3843612334801762 0.03524229074889868 0.06387665198237885 0.07048458149779736
0 0.43942731277533037 0.039647577092511016 0.05506607929515418 0.07929515418502203
0 0.5055066079295154 0.0473568281938326 0.07709251101321586 0.0947136563876652
0 0.579295154185022 0.04405286343612335 0.07488986784140969 0.0881057268722467
0 0.6343612334801763 0.05066079295154185 0.06167400881057269 0.1013215859030837
0 0.7048458149779736 0.051762114537444934 0.07048458149779736 0.10352422907488987
0 0.775330396475771 0.05066079295154185 0.06607929515418502 0.1013215859030837
0 0.8457488986784142 0.06352422907488982 0.06154185022026444 0.12174008810572683
0 0.2705066079295154 0.5440748898678414 0.0941850220264317 0.08259911894273128
0 0.3462775330396476 0.5403964757709251 0.060088105726872315 0.0773568281938326
0 0.26788546255506607 0.4551982378854626 0.0826651982378854 0.08099118942731273
0 0.33473568281938326 0.4575550660792952 0.05590308370044052 0.07312775330396486
0 0.39215859030837 0.45154185022026433 0.054317180616740145 0.07574889867841407
0 0.2770704845814978 0.3831057268722467 0.09156387665198236 0.05841409691629952
0 0.347863436123348 0.39044052863436124 0.05066079295154185 0.050022026431718145
0 0.27024229074889866 0.29870044052863437 0.07165198237885456 0.11396475770925112
0 0.3308149779735683 0.30341409691629956 0.05118942731277535 0.08566079295154182
0 0.3746035242290749 0.3091850220264317 0.034911894273127804 0.08669603524229078
0 0.40605726872246695 0.3125770925110133 0.028612334801762136 0.08931718061673999
0 0.43541850220264317 0.31599118942731275 0.03070484581497797 0.07936123348017615
0 0.4283480176211454 0.40616740088105724 0.08892070484581499 0.08779735682819387
0 0.4954625550660793 0.4106387665198238 0.04693832599118943 0.08832599118942737
0 0.4634801762114537 0.32096916299559475 0.02072687224669609 0.07883259911894265
0 0.4894493392070485 0.32700440528634356 0.03174008810572693 0.07623348017621148
0 0.25136563876651985 0.2009030837004405 0.02759911894273128 0.0735462555066079
0 0.285726872246696 0.20299559471365644 0.03651982378854622 0.0756607929515419
0 0.32819383259911894 0.20720264317180614 0.039647577092511016 0.07984581497797356
0 0.36279735682819386 0.21374449339207052 0.033348017621145344 0.06988986784140973
0 0.39268722466960354 0.22107929515418503 0.03019823788546251 0.06779735682819377
0 0.42440528634361235 0.22187224669603528 0.04015418502202647 0.06936123348017623
0 0.45588105726872247 0.23182819383259912 0.021255506607929464 0.0620264317180616
0 0.48156387665198236 0.2334140969162996 0.028590308370044094 0.06517621145374457
0 0.5237885462555066 0.15947136563876646 0.06581497797356828 0.062004405286343565
0 0.5720264317180617 0.15658590308370038 0.03643171806167393 0.08350220264317174
0 0.5950881057268723 0.1864757709251102 0.12033039647577091 0.09295154185022036
0 0.5906387665198237 0.28400881057268723 0.1271585903083701 0.09927312775330407
0 0.5851321585903083 0.5063215859030837 0.11299559471365629 0.0888766519823789
0 0.5494713656387665 0.3925550660792952 0.07314977973568278 0.08359030837004415
0 0.7558149779735682 0.402511013215859 0.09878854625550666 0.08883259911894283
0 0.7311674008810573 0.3086563876651982 0.036916299559471344 0.10033039647577083
0 0.7749559471365638 0.3118061674008811 0.03953744493392081 0.08775330396475778
0 0.8176872246696035 0.31074889867841404 0.040044052863436014 0.09614537444933915
0 0.6913215859030837 0.2153303964757709 0.020154185022026382 0.0919162995594714
0 0.7264537444933921 0.20797356828193836 0.04636563876651972 0.09400881057268712
0 0.765 0.21610132158590312 0.044779735682819476 0.09348017621145387
0 0.8006607929515418 0.2153303964757709 0.04687224669603518 0.08561674008810574
0 0.839977973568282 0.22345814977973566 0.05629955947136552 0.0913876651982379
0 0.8562334801762115 0.3068281938325991 0.038458149779735766 0.10085903083700433
0 0.8855947136563876 0.22396475770925112 0.03427312775330384 0.0777533039647576
0 0.9244052863436123 0.22057268722466958 0.04264317180616743 0.09400881057268712
0 0.96215859030837 0.23000000000000004 0.03004405286343609 0.0751321585903084
0 0.9889867841409692 0.2290748898678414 0.022026431718061675 0.0881057268722467
0 0.7744273127753304 0.6101321585903083 0.05735682819383252 0.07004405286343603
0 0.8336784140969163 0.6122466960352424 0.05629955947136552 0.07843612334801765
0 0.9031718061674009 0.6085682819383259 0.0662555066079296 0.07947136563876636
0 0.9527312775330397 0.6140748898678413 0.03634361233480176 0.07160792951541849
0 0.98568281938326 0.6112334801762115 0.028634361233480177 0.07268722466960352
0 0.7822907488986784 0.5272907488986783 0.060506607929515475 0.07839207048458156
0 0.8520484581497797 0.5272907488986783 0.05524229074889877 0.07839207048458156
0 0.9330616740088106 0.5251982378854626 0.08825991189427324 0.0762995594713656
0 0.9911894273127754 0.5275330396475771 0.01762114537444934 0.08149779735682819
0 0.8326431718061673 0.4444493392070484 0.060506607929515475 0.08046255506607923
0 0.9215198237885462 0.43605726872246703 0.09665198237885461 0.07837004405286353
0 0.9834801762114538 0.4460352422907489 0.03303964757709251 0.07268722466960352
0 0.8470484581497797 0.3820484581497797 0.08618942731277532 0.05422907488986785
0 0.9794713656387666 0.3272687224669603 0.03319383259911905 0.08513215859030832
0 0.9367400881057268 0.32568281938325994 0.032687224669603596 0.07570484581497798
0 0.8966079295154185 0.3102202643171806 0.0500000000000001 0.07830396475770915
0 0.7390308370044052 0.878612334801762 0.07781938325991199 0.07433920704845814
0 0.6735022026431717 0.8764977973568282 0.03484581497797368 0.07224669603524245
0 0.7240969162995595 0.8067621145374448 0.08883259911894283 0.07325991189427311
0 0.7875550660792952 0.8080837004405287 0.033237885462555135 0.07378854625550661
0 0.8247797356828194 0.8004845814977974 0.04475770925110143 0.07955947136563878
0 0.7251321585903083 0.7331057268722467 0.0972246696035242 0.07270925110132156
0 0.6876431718061674 0.7013876651982379 0.050572687224669684 0.07636563876651974
0 0.8140308370044053 0.7255066079295154 0.05158590308370035 0.06590308370044069
0 0.7419162995594714 0.6581277533039647 0.06156387665198248 0.0779295154185022
0 0.8045814977973568 0.6604845814977974 0.05788546255506602 0.06376651982378864
0 0.6855506607929516 0.6337444933920705 0.040088105726872346 0.06691629955947136
0 0.6852863436123348 0.5577092511013215 0.03640969162995589 0.05535242290748898