0 0.05689453125 0.35958984375 0.1137890625 0.16580078124999997
0 0.155703125 0.35890625 0.08541015624999998 0.17277343749999996
0 0.04621093749999999 0.5344140625 0.09240234375 0.16386718749999996
0 0.14966796875 0.529765625 0.10679687500000001 0.16574218750000003
0 0.107578125 0.711328125 0.21513671875 0.15218749999999992
0 0.04759765625 0.8866015625 0.0951953125 0.15675781249999998
0 0.16314453125 0.87498046875 0.12259765625000002 0.1669921875
0 0.2314453125 0.9443359375 0.044921875 0.111328125
0 0.2866015625 0.9445703125 0.06537109375000005 0.11085937499999998
0 0.35169921875 0.9354296875 0.05607421874999996 0.11490234375000008
0 0.4009765625 0.9263671875 0.04861328124999997 0.11072265624999988
0 0.4586328125 0.9161328125 0.06906250000000003 0.1181640625
0 0.52419921875 0.91845703125 0.06624999999999998 0.11166015624999992
0 0.5739453125 0.90333984375 0.054160156250000036 0.10654296874999991
0 0.63509765625 0.8970703125 0.062050781249999964 0.09677734374999991
0 0.69810546875 0.8968359375 0.05691406249999997 0.09353515624999997
0 0.75970703125 0.883125 0.05457031250000011 0.10794921874999996
0 0.24962890625 0.45701171875 0.08351562499999998 0.0732421875
0 0.31681640625 0.4602734375 0.05328125000000006 0.06859375000000001
0 0.2473046875 0.5358203125 0.07330078124999997 0.07181640624999996
0 0.30658203125 0.53373046875 0.04957031249999999 0.06484375000000009
0 0.3575 0.5390625 0.04816406250000005 0.06716796874999997
0 0.25544921875 0.59974609375 0.08119140624999999 0.051796874999999964
0 0.31822265625 0.5932421875 0.044921875 0.04435546875000007
0 0.24939453125 0.67458984375 0.06353515624999997 0.10105468750000002
0 0.30310546875 0.67041015625 0.04539062500000002 0.07595703124999997
0 0.34193359375 0.66529296875 0.030957031250000044 0.07687500000000003
0 0.36982421875 0.66228515625 0.025371093750000018 0.07919921874999991
0 0.395859375 0.6592578125 0.027226562499999996 0.07037109374999995
0 0.38958984375 0.579296875 0.07884765625000001 0.07785156250000003
0 0.4491015625 0.57533203125 0.041621093750000004 0.07832031250000004
0 0.4207421875 0.65484375 0.01837890625000005 0.06990234374999993
0 0.44376953125 0.6494921875 0.02814453125000005 0.06759765625000003
0 0.23265625 0.76130859375 0.024472656250000002 0.06521484374999997
0 0.263125 0.759453125 0.03238281249999997 0.06708984375000004
0 0.30078125 0.75572265625 0.03515625 0.07080078125
0 0.33146484375 0.749921875 0.029570312499999973 0.061972656250000036
0 0.35796875 0.74341796875 0.02677734374999996 0.06011718749999995
0 0.38609375 0.74271484375 0.035605468750000036 0.06150390625000002
0 0.41400390625 0.73388671875 0.018847656249999956 0.05499999999999994
0 0.43677734375 0.73248046875 0.025351562500000036 0.05779296875000006
0 0.47421875 0.798046875 0.05835937499999999 0.054980468749999956
0 0.5169921875 0.80060546875 0.03230468749999993 0.07404296874999994
0 0.53744140625 0.7741015625 0.10669921874999999 0.08242187500000009
0 0.53349609375 0.6876171875 0.11275390625000004 0.0880273437500001
0 0.52861328125 0.49048828125 0.10019531249999997 0.07880859375000004
0 0.4969921875 0.5913671875 0.06486328124999996 0.07412109375000009
0 0.6799609375 0.5825390625 0.08759765625000004 0.07876953125000008
0 0.65810546875 0.66576171875 0.03273437499999998 0.08896484374999991
0 0.69693359375 0.66296875 0.03505859375000009 0.07781250000000006
0 0.73482421875 0.66390625 0.0355078124999999 0.08525390624999996
0 0.6227734375 0.748515625 0.017871093749999956 0.08150390625000004
0 0.65392578125 0.7550390625 0.04111328124999991 0.0833593749999999
0 0.68810546875 0.74783203125 0.03970703125000008 0.0828906250000001
0 0.7197265625 0.748515625 0.04156249999999995 0.07591796875000001
0 0.75458984375 0.74130859375 0.04992187499999989 0.08103515625000002
0 0.76900390625 0.6673828125 0.03410156250000007 0.08943359374999993
0 0.7950390625 0.740859375 0.030390624999999893 0.06894531249999991
0 0.829453125 0.7438671875 0.03781250000000003 0.0833593749999999
0 0.8629296875 0.7355078125 0.026640624999999973 0.06662109375000003
0 0.89408203125 0.73712890625 0.03314453125000005 0.07824218750000012
0 0.92546875 0.7257421875 0.03732421875000003 0.06941406249999993
0 0.9716796875 0.3896484375 0.056640625 0.083984375
0 0.9736328125 0.4779296875 0.052734375 0.08160156249999995
0 0.9729296875 0.5648828125 0.05412109375000007 0.08808593750000004
0 0.97501953125 0.6580859375 0.0499414062500001 0.09873046874999991
0 0.9736328125 0.740390625 0.052734375 0.0735937499999999
0 0.69646484375 0.3984375 0.05085937499999993 0.06210937500000002
0 0.74900390625 0.3965625 0.04992187499999989 0.06955078125000003
0 0.810625 0.39982421875 0.05875000000000008 0.07046874999999997
0 0.8545703125 0.39494140625 0.0322265625 0.06349609374999998
0 0.88431640625 0.39865234375 0.024785156250000107 0.06537109375000005
0 0.91013671875 0.39865234375 0.02896484375000008 0.06537109375000005
0 0.7034375 0.47189453125 0.05365234375000005 0.06951171875000006
0 0.76529296875 0.47189453125 0.04898437500000008 0.06951171875000006
0 0.83712890625 0.47375 0.0782617187500001 0.06765624999999997
0 0.90640625 0.4728125 0.04941406249999991 0.07138671875000002
0 0.7480859375 0.5453515625 0.05365234375000005 0.07134765624999995
0 0.82689453125 0.55279296875 0.08570312499999999 0.06949218750000008
0 0.88595703125 0.5444140625 0.03640624999999997 0.06390625000000005
0 0.91455078125 0.5448828125 0.02384765625000007 0.05925781250000006
0 0.760859375 0.60068359375 0.07642578124999999 0.04808593750000001
0 0.9119921875 0.6218359375 0.03826171875000006 0.07085937499999995
0 0.87828125 0.6492578125 0.029433593750000098 0.07548828124999996
0 0.840390625 0.6506640625 0.028984375000000062 0.06712890625000001
0 0.8048046875 0.664375 0.04433593750000009 0.06943359374999991
0 0.665078125 0.16037109375 0.06900390625000008 0.06591796875
0 0.60697265625 0.16224609375 0.030898437500000098 0.06406250000000002
0 0.6518359375 0.22408203125000004 0.07876953125000008 0.06496093750000001
0 0.70810546875 0.22291015625 0.029472656250000062 0.0654296875
0 0.74111328125 0.22964843749999997 0.0396875000000001 0.07054687499999998
0 0.65275390625 0.28939453125 0.08621093749999997 0.06447265624999998
0 0.61951171875 0.31751953125 0.04484375000000007 0.06771484375000003
0 0.73158203125 0.2961328125 0.04574218749999992 0.05843750000000003
0 0.66763671875 0.35587890625 0.05458984375000009 0.06910156249999999
0 0.723203125 0.3537890625 0.05132812499999995 0.05654296874999998
0 0.61765625 0.3775 0.03554687500000009 0.05933593749999999
0 0.617421875 0.444921875 0.03228515624999995 0.04908203124999999