0 0.9518072289156626 0.34839357429718876 0.0963855421686747 0.1706827309236948
0 0.86 0.34891566265060237 0.08781124497991971 0.17763052208835337
0 0.9628514056224899 0.5281124497991968 0.07429718875502007 0.1686746987951807
0 0.8662048192771085 0.5245783132530121 0.10979919678714872 0.17040160642570285
0 0.8995983935742972 0.7108433734939759 0.20080321285140562 0.1566265060240964
0 0.9618473895582329 0.8905622489959839 0.07630522088353414 0.16265060240963855
0 0.8523493975903615 0.8794979919678715 0.12604417670682727 0.1716867469879518
0 0.7821285140562249 0.9467871485943775 0.04618473895582329 0.10642570281124498
0 0.7259036144578314 0.9467871485943775 0.06626506024096386 0.10642570281124498
0 0.6596385542168675 0.9407630522088354 0.05823293172690763 0.11847389558232932
0 0.6078313253012048 0.9323293172690763 0.04997991967871483 0.11383534136546172
0 0.5485542168674699 0.9218072289156627 0.07100401606425706 0.1214859437751004
0 0.481144578313253 0.9241967871485943 0.0681124497991967 0.1147991967871485
0 0.43 0.9086546184738956 0.055682730923694815 0.10953815261044167
0 0.3671285140562249 0.9022088353413655 0.06379518072289153 0.09949799196787139
0 0.30234939759036145 0.9019678714859438 0.05851405622489957 0.09616465863453813
0 0.23901606425702807 0.8878714859437752 0.05610441767068284 0.11098393574297186
0 0.7634337349397591 0.4497791164658635 0.08586345381526103 0.07530120481927711
0 0.6943574297188754 0.45313253012048194 0.0547791164658634 0.07052208835341367
0 0.7658232931726907 0.5308032128514055 0.07536144578313247 0.07383534136546181
0 0.7048795180722891 0.5286546184738955 0.050963855421686736 0.06666666666666676
0 0.6525301204819278 0.5341365461847389 0.04951807228915679 0.06905622489959837
0 0.7574497991967872 0.5965261044176706 0.08347389558232919 0.05325301204819274
0 0.6929116465863454 0.5898393574297189 0.04618473895582329 0.04560240963855429
0 0.7636746987951807 0.6734738955823293 0.0653212851405622 0.10389558232931728
0 0.7084538152610442 0.6691767068273092 0.04666666666666668 0.07809236947791162
0 0.6685341365461848 0.6639156626506024 0.031827309236947834 0.07903614457831327
0 0.639859437751004 0.6608232931726907 0.026084337349397607 0.0814257028112449
0 0.6130923694779117 0.6577108433734941 0.027991967871485824 0.0723493975903614
0 0.6195381526104418 0.5755020080321286 0.08106425702811246 0.0800401606425703
0 0.5583534136546184 0.5714257028112449 0.04279116465863466 0.0805220883534137
0 0.5875100401606427 0.6531726907630522 0.018895582329317432 0.071867469879518
0 0.5638353413654618 0.6476706827309238 0.028935742971887713 0.06949799196787151
0 0.7808835341365462 0.7626305220883535 0.02516064257028107 0.06704819277108431
0 0.7495582329317269 0.760722891566265 0.03329317269076291 0.06897590361445788
0 0.7108433734939759 0.7568875502008032 0.03614457831325301 0.07279116465863454
0 0.67929718875502 0.7509236947791165 0.030401606425702783 0.06371485943775104
0 0.6520481927710844 0.7442369477911647 0.027530120481927784 0.06180722891566259
0 0.6231325301204819 0.7435140562248995 0.03660642570281128 0.06323293172690765
0 0.594437751004016 0.7344377510040161 0.019377510040160598 0.05654618473895576
0 0.5710240963855422 0.7329919678714859 0.026064257028112485 0.05941767068273099
0 0.5325301204819277 0.8004016064257029 0.05999999999999999 0.056526104417670635
0 0.4885542168674699 0.8030321285140563 0.03321285140562242 0.07612449799196781
0 0.46753012048192766 0.7757831325301204 0.10969879518072288 0.08473895582329326
0 0.47158634538152616 0.6868674698795181 0.1159236947791165 0.09050200803212861
0 0.4766064257028113 0.4841967871485944 0.10301204819277099 0.08102409638554221
0 0.5091164658634538 0.5879116465863453 0.06668674698795177 0.07620481927710852
0 0.32100401606425705 0.5788353413654618 0.09006024096385547 0.08098393574297197
0 0.3434738955823293 0.6643975903614457 0.033654618473895566 0.09146586345381517
0 0.3035542168674699 0.6615261044176707 0.0360441767068274 0.08000000000000006
0 0.26459839357429715 0.6624899598393574 0.03650602409638544 0.08765060240963851
0 0.3797991967871486 0.7494779116465864 0.018373493975903567 0.0837951807228916
0 0.3477710843373494 0.7561847389558233 0.04226907630522079 0.08570281124497982
0 0.3126305220883534 0.7487751004016064 0.040823293172690844 0.08522088353413665
0 0.28012048192771083 0.7494779116465864 0.042730923694779065 0.07805220883534138
0 0.2442771084337349 0.7420682730923694 0.051325301204819165 0.08331325301204821
0 0.22945783132530118 0.6660642570281124 0.035060240963855495 0.09194779116465857
0 0.20269076305220884 0.7416064257028112 0.031244979919678607 0.07088353413654609
0 0.16730923694779115 0.7446987951807229 0.03887550200803216 0.08570281124497982
0 0.13289156626506027 0.7361044176706827 0.0273895582329317 0.06849397590361449
0 0.10086345381526109 0.7377710843373495 0.03407630522088359 0.08044176706827322
0 0.06859437751004022 0.7260642570281124 0.038373493975903644 0.07136546184738948
0 0.025100401606425703 0.38052208835341367 0.050200803212851405 0.08634538152610442
0 0.023092369477911646 0.46987951807228917 0.04618473895582329 0.08433734939759036
0 0.024096385542168676 0.5592369477911646 0.04819277108433735 0.09036144578313253
0 0.02208835341365462 0.6556224899598394 0.04417670682730924 0.10240963855421686
0 0.023092369477911646 0.7399598393574297 0.04618473895582329 0.07429718875502007
0 0.3040361445783133 0.3895582329317269 0.05228915662650595 0.06385542168674702
0 0.25002008032128514 0.3876305220883534 0.051325301204819165 0.07150602409638557
0 0.18666666666666662 0.3909839357429719 0.06040160642570289 0.07244979919678712
0 0.14148594377510035 0.38596385542168676 0.03313253012048193 0.06528112449799195
0 0.11090361445783137 0.3897791164658635 0.025481927710843483 0.06720883534136551
0 0.08435742971887548 0.3897791164658635 0.029779116465863537 0.06720883534136551
0 0.296867469879518 0.4650803212851406 0.05516064257028118 0.07146586345381532
0 0.23327309236947794 0.4650803212851406 0.05036144578313261 0.07146586345381532
0 0.15941767068273088 0.4669879518072289 0.08046184738955833 0.06955823293172687
0 0.08819277108433739 0.4660240963855422 0.05080321285140553 0.07339357429718878
0 0.2509638554216868 0.5406024096385543 0.05516064257028118 0.07335341365461842
0 0.16993975903614456 0.5482530120481928 0.08811244979919677 0.07144578313253021
0 0.10921686746987949 0.5396385542168675 0.03742971887550198 0.06570281124497998
0 0.07981927710843373 0.5401204819277109 0.0245180722891567 0.06092369477911653
0 0.23783132530120482 0.5974899598393575 0.07857429718875501 0.049437751004016074
0 0.08244979919678715 0.6192369477911647 0.039337349397590426 0.0728514056224899
0 0.11710843373493975 0.647429718875502 0.030261044176706928 0.07761044176706823
0 0.1560642570281125 0.6488755020080321 0.02979919678714866 0.06901606425702812
0 0.19265060240963855 0.6629718875502009 0.04558232931726917 0.07138554216867461
0 0.33630522088353415 0.1447991967871486 0.07094377510040169 0.0677710843373494
0 0.39604417670682734 0.14672690763052207 0.03176706827309247 0.06586345381526107
0 0.3499196787148594 0.21030120481927714 0.08098393574297197 0.0667871485943775
0 0.29206827309236943 0.20909638554216867 0.030301204819277172 0.06726907630522089
0 0.25813253012048193 0.21602409638554212 0.04080321285140572 0.07253012048192772
0 0.34897590361445785 0.27744979919678714 0.08863453815261041 0.06628514056224898
0 0.38315261044176707 0.30636546184738955 0.0461044176706828 0.06961847389558236
0 0.26793172690763056 0.28437751004016065 0.04702811244979911 0.0600803212851406
0 0.33367469879518075 0.34580321285140564 0.05612449799196796 0.0710441767068273
0 0.27654618473895587 0.34365461847389556 0.052771084337349346 0.058132530120481904
0 0.3850602409638554 0.3680321285140562 0.03654618473895591 0.06100401606425702
0 0.3853012048192771 0.43734939759036146 0.0331927710843373 0.05046184738955822