0 0.05806640625000001 0.185 0.07427734375 0.338359375
0 0.03341796875 0.30587890625 0.052890625 0.295546875
0 0.021328125 0.50048828125 0.03986328125 0.09601562499999994
0 0.31287109375 0.2454296875 0.06490234375000004 0.45921875
0 0.25171875 0.09806640625 0.07933593750000001 0.13662109375
0 0.5360546875 0.1417578125 0.059277343750000044 0.283515625
0 0.49583984375 0.05669921875 0.05974609375000001 0.0929296875
0 0.40724609375 0.21126953125 0.10300781250000002 0.34904296875
0 0.18802734375 0.17732421875 0.10818359375000003 0.33138671875
0 0.118515625 0.17361328125 0.038925781249999986 0.29048828125
0 0.022734375 0.08412109375 0.03150390624999999 0.11988281250000002
0 0.4979296875 0.4476953125 0.06671874999999994 0.14949218750000004
0 0.49466796874999996 0.23939453125 0.08810546874999997 0.25744140625
0 0.589296875 0.127109375 0.06251953124999998 0.247734375
0 0.58255859375 0.35541015625 0.07414062500000007 0.21880859375000003
0 0.65833984375 0.08876953125 0.08621093749999997 0.14035156249999997
0 0.674609375 0.32935546875 0.10759765625000006 0.33412109375
0 0.70625 0.2358984375 0.0914257812499999 0.44853515625000007
0 0.818984375 0.06134765625 0.0810546875 0.096640625
0 0.82154296875 0.24845703125000002 0.09455078124999994 0.26720703125
0 0.7466796875 0.3607421875 0.08992187499999993 0.2825
0 0.76552734375 0.1798828125 0.05224609375 0.22212890625000004
0 0.8296875 0.45421875 0.06339843750000007 0.15134765625000002
0 0.8648046875 0.1422265625 0.07564453125000004 0.28072265625000004
0 0.926171875 0.1296875 0.04150390625 0.227734375
0 0.9669140625 0.24775390625 0.06228515624999997 0.45271484375000004
0 0.86619140625 0.47279296875 0.1063281250000001 0.34476562499999996
0 0.9631640625 0.82458984375 0.07365234375000007 0.3508203125
0 0.95779296875 0.5798046875 0.07939453124999996 0.11642578125000003