0 0.2555309734513274 0.7743362831858407 0.07300884955752213 0.45132743362831856
0 0.18694690265486727 0.9491150442477876 0.09070796460176991 0.10176991150442478
0 0.5088495575221239 0.8827433628318584 0.06637168141592921 0.2345132743362832
0 0.46349557522123896 0.9856194690265486 0.06858407079646017 0.028761061946902654
0 0.36283185840707965 0.8252212389380531 0.11504424778761062 0.3495575221238938
0 0.11393805309734513 0.8495575221238938 0.12168141592920353 0.3008849557522124
0 0.035398230088495575 0.8628318584070797 0.04424778761061947 0.2743362831858407
0 0.46668141592920354 0.5791592920353982 0.07557522123893798 0.16933628318584062
0 0.4629867256637168 0.8151106194690265 0.09980088495575225 0.2916150442477877
0 0.5685840707964602 0.9015486725663717 0.07079646017699115 0.19690265486725664
0 0.5625442477876106 0.6836946902654867 0.08398230088495583 0.2478539823008849
0 0.6482300884955752 0.9535398230088495 0.09734513274336283 0.09292035398230089
0 0.6668141592920354 0.7132079646017699 0.1218805309734514 0.3784734513274335
0 0.702433628318584 0.7831858407079646 0.10398230088495575 0.4336283185840708
0 0.8296460176991151 0.9811946902654868 0.09292035398230089 0.03761061946902655
0 0.8332522123893805 0.8048451327433628 0.10710176991150436 0.30267699115044233
0 0.7484513274336283 0.6776548672566372 0.10185840707964594 0.31999999999999995
0 0.7688053097345132 0.879424778761062 0.059734513274336286 0.2411504424778761
0 0.8424778761061947 0.5717699115044248 0.07181415929203548 0.17143805309734517
0 0.8816371681415929 0.8838495575221239 0.08628318584070796 0.2323008849557522
0 0.9502212389380531 0.9059734513274337 0.046460176991150445 0.18805309734513273
0 0.9811946902654868 0.7754424778761062 0.03761061946902655 0.4491150442477876
0 0.8838274336283186 0.5507300884955753 0.12044247787610632 0.39053097345132737
0 0.9756637168141593 0.17588495575221239 0.048672566371681415 0.35176991150442477
0 0.9712389380530974 0.4303097345132743 0.05752212389380531 0.13053097345132744