0 0.9434448818897637 0.8174803149606299 0.0748622047244094 0.3410236220472441
0 0.9682874015748031 0.6956496062992126 0.053307086614173306 0.29787401574803135
0 0.9803149606299213 0.5009842519685039 0.03937007874015748 0.09645669291338582
0 0.6866338582677165 0.7565748031496063 0.06541338582677168 0.46283464566929133
0 0.7482677165354331 0.9050984251968505 0.07996062992125985 0.1376968503937009
0 0.4625984251968504 0.859251968503937 0.05905511811023622 0.281496062992126
0 0.5022244094488189 0.9467913385826772 0.06021653543307093 0.09366141732283473
0 0.5915157480314961 0.791003937007874 0.1038188976377953 0.35179133858267725
0 0.8124606299212599 0.8252165354330708 0.10903543307086612 0.3339960629921259
0 0.8825196850393701 0.8289566929133858 0.03923228346456683 0.29277559055118113
0 0.9790551181102363 0.9191535433070867 0.031751968503937 0.1208267716535433
0 0.5001181102362204 0.5527165354330709 0.06724409448818891 0.15066929133858262
0 0.5034055118110237 0.7626574803149606 0.08879921259842523 0.259468503937008
0 0.4094488188976378 0.8759842519685039 0.06299212598425197 0.24803149606299213
0 0.4148228346456693 0.6457283464566929 0.07472440944881897 0.22053149606299208
0 0.3384448818897638 0.9144685039370078 0.08688976377952753 0.14145669291338586
0 0.32204724409448826 0.6719881889763779 0.10844488188976384 0.3367519685039369
0 0.2901574803149606 0.7661811023622048 0.09214566929133848 0.45206692913385843
0 0.17653543307086617 0.9421062992125984 0.08169291338582677 0.09740157480314965
0 0.17395669291338584 0.753523622047244 0.09529527559055112 0.2693110236220471
0 0.24940944881889762 0.6403543307086614 0.09062992125984244 0.2847244094488189
0 0.23041338582677168 0.8226377952755906 0.05265748031496063 0.22387795275590555
0 0.16574803149606296 0.5461417322834645 0.06389763779527566 0.1525393700787402
0 0.1309055118110236 0.860236220472441 0.07677165354330709 0.2795275590551181
0 0.06850393700787404 0.873228346456693 0.041830708661417325 0.22952755905511815
0 0.02952755905511811 0.7559055118110236 0.05905511811023622 0.4566929133858268
0 0.1289566929133858 0.5274212598425198 0.10716535433070877 0.34748031496062987
0 0.0344488188976378 0.17519685039370078 0.0688976377952756 0.35039370078740156
0 0.038385826771653545 0.4202755905511811 0.07677165354330709 0.11614173228346457