0 0.41326171875 0.50716796875 0.60611328125 0.71484375
0 0.205078125 0.8466796875 0.41015625 0.306640625
0 0.05859375 0.53189453125 0.1171875 0.3182617187499999
0 0.0748046875 0.10736328125 0.13564453125000003 0.21099609375
0 0.0636328125 0.27078125 0.11332031250000002 0.36761718750000005
0 0.41234375 0.19103515625 0.559609375 0.3820703125
0 0.81083984375 0.15943359375 0.2293945312500001 0.31884765625
0 0.9631640625 0.20498046875 0.07365234375000007 0.395078125
0 0.82642578125 0.55947265625 0.22984375000000012 0.6604296875
0 0.97154296875 0.668984375 0.05691406249999997 0.49160156250000003
0 0.72248046875 0.938984375 0.49351562499999996 0.12203125000000004